dataset_name: 'matrixcitysmallaerial'
camera_params:
  image_height: 1080
  image_width: 1920
  fx: 2317.6449482429634
  fy: 2317.6449482429634
  cx: 960.0
  cy: 540.0
  png_depth_scale: 100
  crop_edge: 0